512 599.4133333333333 1784
512 599.4133333333333 1784
528 612.1866666666666 1896
528 641.0133333333333 1896
528 637.8666666666667 1896
528 681.44 1896
528 686.9333333333333 2760
528 781.28 2760
512 767.2533333333333 2784
512 887.3066666666666 2784
528 867.12 2840
528 999.5733333333334 2720
528 992.2933333333333 2752
528 1112.8533333333332 2752
528 1116.0533333333333 2728
528 1304.48 2728
528 1377.8666666666666 12848
528 1601.6 12848
512 1454.2666666666667 20360
512 1677.5466666666666 20360
528 1667.7333333333333 20400
528 1943.2533333333333 20400
528 1745.2 20376
528 2003.36 20376
528 1832.88 18064
528 2107.5733333333333 18064
528 2070.6666666666665 30408
592 2550.6133333333332 30408
592 2082.72 40416
872 2420.3733333333334 40416
624 2544.826666666667 50424
1104 3303.52 50424
1104 2884.5333333333333 60432
1104 3961.3333333333335 60432
704 3886.8 70440
704 5920.48 70440
592 4412.293333333333 80448
704 7031.893333333333 80448
600 3886.826666666667 90456
1096 5981.6 90456
